1 5.7220458984375e-07
2 1.049041748046875e-06
3 2.574920654296875e-06
4 4.5299530029296875e-06
5 7.295608520507813e-06
6 1.18255615234375e-05
7 1.6880035400390624e-05
8 2.4080276489257812e-05
9 3.2567977905273436e-05
10 4.7254562377929685e-05
11 5.688667297363281e-05
12 7.457733154296875e-05
13 9.770393371582032e-05
14 0.00011801719665527344
15 0.00013942718505859374
16 0.00017261505126953125
17 0.00020036697387695312
18 0.0002384185791015625
19 0.00027179718017578125
20 0.000321197509765625
21 0.0003684520721435547
22 0.00042023658752441404
23 0.0004864215850830078
24 0.0005390644073486328
25 0.0006083965301513672
26 0.000687551498413086
27 0.00075836181640625
28 0.0008427143096923828
29 0.000939035415649414
30 0.001032400131225586
31 0.0011295318603515626
32 0.0012328147888183594
33 0.0013610363006591798
34 0.00148162841796875
35 0.0016180038452148437
36 0.0017471790313720703
37 0.0018904685974121093
38 0.0020577430725097655
39 0.002224445343017578
40 0.002416229248046875
41 0.002549266815185547
42 0.0027475833892822267
43 0.002963352203369141
44 0.003168058395385742
45 0.0033421039581298826
46 0.003599405288696289
47 0.003814983367919922
48 0.004049777984619141
49 0.004320096969604492
50 0.0046061515808105465
51 0.004848051071166992
52 0.005120038986206055
53 0.005459499359130859
54 0.005722427368164062
55 0.006019735336303711
56 0.006449222564697266
57 0.006758737564086914
58 0.007075643539428711
59 0.0074918270111083984
60 0.007905244827270508
61 0.008282327651977539
62 0.008634710311889648
63 0.009044122695922852
64 0.009501981735229491
65 0.009958314895629882
66 0.010352993011474609
67 0.01089015007019043
68 0.011292457580566406
69 0.011898612976074219
70 0.012407732009887696
71 0.012937116622924804
72 0.013445806503295899
73 0.013945293426513673
74 0.014628887176513672
75 0.015227556228637695
76 0.015819263458251954
77 0.01639389991760254
78 0.01696038246154785
79 0.017679882049560548
80 0.01839103698730469
81 0.01906719207763672
82 0.01978449821472168
83 0.020381975173950195
84 0.02132878303527832
85 0.02203221321105957
86 0.022710704803466798
87 0.023574018478393556
88 0.024213027954101563
89 0.025119543075561523
90 0.026189613342285156
91 0.026992273330688477
92 0.02783045768737793
93 0.028612375259399414
94 0.02972235679626465
95 0.030866670608520507
96 0.03163919448852539
97 0.03242659568786621
98 0.033499288558959964
99 0.034602928161621097
100 0.035836648941040036
101 0.03692402839660645
102 0.03779377937316895
103 0.038978290557861325
104 0.04031739234924316
105 0.04138641357421875
106 0.042481517791748045
107 0.04361138343811035
108 0.04503922462463379
109 0.046170806884765624
110 0.0477935791015625
111 0.04862565994262695
112 0.05009894371032715
113 0.05162930488586426
114 0.052720260620117185
115 0.05438742637634277
116 0.05566596984863281
117 0.05736417770385742
118 0.05880980491638184
119 0.060198640823364256
120 0.06133561134338379
121 0.06308622360229492
122 0.06447868347167969
123 0.06647582054138183
124 0.06789612770080566
125 0.06972403526306152
126 0.07115325927734376
127 0.07321586608886718
128 0.07503623962402343
129 0.07659521102905273
130 0.07817039489746094
131 0.0796168327331543
132 0.08183627128601074
133 0.08336958885192872
134 0.0851717472076416
135 0.08837127685546875
136 0.0904073715209961
137 0.0922673225402832
138 0.09450583457946778
139 0.09584474563598633
140 0.09852132797241211
141 0.1002685546875
142 0.10144085884094238
143 0.10352215766906739
144 0.1065941333770752
145 0.10849676132202149
146 0.11172347068786621
147 0.11293969154357911
148 0.1156071662902832
149 0.11868715286254883
150 0.12085127830505371
