1 7.62939453125e-07
2 9.059906005859375e-07
3 2.4318695068359373e-06
4 4.482269287109375e-06
5 7.2479248046875e-06
6 1.163482666015625e-05
7 1.7690658569335938e-05
8 3.147125244140625e-05
9 3.6096572875976564e-05
10 4.954338073730469e-05
11 6.251335144042968e-05
12 8.029937744140625e-05
13 9.942054748535156e-05
14 0.00012216567993164062
15 0.00014939308166503907
16 0.0001769542694091797
17 0.0002185344696044922
18 0.0002532482147216797
19 0.0002935886383056641
20 0.0003375530242919922
21 0.00039076805114746094
22 0.00045003890991210935
23 0.0005090236663818359
24 0.0005782127380371093
25 0.0006470680236816406
26 0.0007309436798095704
27 0.000812530517578125
28 0.0008791923522949219
29 0.0009428024291992188
30 0.0010877609252929687
31 0.0012107372283935546
32 0.0013307571411132813
33 0.0014589309692382812
34 0.0015944480895996095
35 0.001746988296508789
36 0.0019010543823242188
37 0.0020691394805908204
38 0.0022270679473876953
39 0.002410602569580078
40 0.002522706985473633
41 0.0027867794036865235
42 0.002974796295166016
43 0.0031615257263183593
44 0.0033807754516601562
45 0.003738069534301758
46 0.003996372222900391
47 0.004286861419677735
48 0.004561138153076172
49 0.004884958267211914
50 0.0051630973815917965
51 0.005489063262939453
52 0.005796194076538086
53 0.006077003479003906
54 0.006487226486206055
55 0.006669759750366211
56 0.006992483139038086
57 0.007363224029541015
58 0.007754278182983398
59 0.008215618133544923
60 0.00826258659362793
61 0.008931159973144531
62 0.00935811996459961
63 0.009775352478027344
64 0.010305976867675782
65 0.010790586471557617
66 0.011350584030151368
67 0.011909246444702148
68 0.012332773208618164
69 0.013023996353149414
70 0.013691854476928712
71 0.014227199554443359
72 0.01480860710144043
73 0.015074396133422851
74 0.015909194946289062
75 0.016673898696899413
76 0.017321348190307617
77 0.017958879470825195
78 0.018732404708862303
79 0.019492053985595705
80 0.020278072357177733
81 0.02101893424987793
82 0.021906375885009766
83 0.022535943984985353
84 0.023365497589111328
85 0.024288177490234375
86 0.025146627426147462
87 0.026163244247436525
88 0.0270688533782959
89 0.028089427947998048
90 0.028888177871704102
91 0.02978978157043457
92 0.031080961227416992
93 0.03188414573669433
94 0.032749605178833005
95 0.033721208572387695
96 0.03522920608520508
97 0.03608264923095703
98 0.03719344139099121
99 0.03853716850280762
100 0.04021158218383789
101 0.040777587890625
102 0.04171299934387207
103 0.04292020797729492
104 0.044313240051269534
105 0.045876502990722656
106 0.046880578994750975
107 0.0486971378326416
108 0.050283384323120114
109 0.052660655975341794
110 0.05225868225097656
111 0.054604959487915036
112 0.054648399353027344
113 0.05664515495300293
114 0.058898401260375974
115 0.06070475578308106
116 0.061831998825073245
117 0.06403498649597168
118 0.06589264869689941
119 0.06757845878601074
120 0.06834511756896973
121 0.06947574615478516
122 0.0721139907836914
123 0.07452182769775391
124 0.07602944374084472
125 0.07714462280273438
126 0.07995853424072266
127 0.08064651489257812
128 0.08188319206237793
129 0.08946952819824219
130 0.08647608757019043
131 0.08774514198303222
132 0.09112782478332519
133 0.09490575790405273
134 0.09493489265441894
135 0.09804553985595703
136 0.09969925880432129
137 0.10668015480041504
138 0.10504379272460937
139 0.11714105606079102
140 0.11017856597900391
141 0.11116261482238769
142 0.11674528121948242
143 0.11626901626586914
144 0.1184457778930664
145 0.12066082954406739
146 0.12400546073913574
147 0.12586278915405275
148 0.12900142669677733
149 0.13135285377502443
150 0.13355255126953125
