1 8.106231689453125e-07
2 1.3828277587890625e-06
3 2.2411346435546876e-06
4 4.5299530029296875e-06
5 7.581710815429688e-06
6 1.1682510375976562e-05
7 1.7452239990234376e-05
8 2.47955322265625e-05
9 3.452301025390625e-05
10 4.84466552734375e-05
11 6.356239318847657e-05
12 8.296966552734375e-05
13 0.00010223388671875
14 0.00012526512145996093
15 0.00015544891357421875
16 0.00018534660339355468
17 0.0002219676971435547
18 0.0002591133117675781
19 0.00030527114868164065
20 0.00035839080810546876
21 0.0004050731658935547
22 0.0004638195037841797
23 0.0005303382873535156
24 0.0006070137023925781
25 0.0006730556488037109
26 0.0007501602172851563
27 0.0008435726165771484
28 0.0009404182434082031
29 0.0010344028472900391
30 0.0011497974395751954
31 0.0012665748596191405
32 0.0013819694519042968
33 0.0015290260314941406
34 0.0016551017761230469
35 0.0018123626708984376
36 0.0019777774810791015
37 0.002138519287109375
38 0.002305269241333008
39 0.002491331100463867
40 0.00270233154296875
41 0.0028867721557617188
42 0.0031133651733398437
43 0.0033222198486328124
44 0.0035460472106933595
45 0.003928565979003906
46 0.004135036468505859
47 0.004289817810058594
48 0.004582500457763672
49 0.004899215698242187
50 0.005176401138305664
51 0.005504608154296875
52 0.005810451507568359
53 0.006153774261474609
54 0.006415224075317383
55 0.006820583343505859
56 0.007237052917480469
57 0.007676219940185547
58 0.008015203475952148
59 0.008401775360107422
60 0.008892154693603516
61 0.009286212921142577
62 0.010306358337402344
63 0.011768436431884766
64 0.01135258674621582
65 0.012316179275512696
66 0.012417364120483398
67 0.013055896759033203
68 0.013392400741577149
69 0.013574504852294922
70 0.014073562622070313
71 0.014460945129394531
72 0.015427446365356446
73 0.01605849266052246
74 0.016468334197998046
75 0.01719212532043457
76 0.01783475875854492
77 0.018569755554199218
78 0.019362449645996094
79 0.020087003707885742
80 0.020804500579833983
81 0.021551990509033205
82 0.022588062286376952
83 0.02337169647216797
84 0.024216556549072267
85 0.025210189819335937
86 0.026252174377441408
87 0.026739835739135742
88 0.02766761779785156
89 0.028696775436401367
90 0.029526567459106444
91 0.03172831535339356
92 0.03239021301269531
93 0.03388457298278809
94 0.033608436584472656
95 0.03475985527038574
96 0.035931730270385744
97 0.03700942993164062
98 0.03817095756530762
99 0.03933405876159668
100 0.04076991081237793
101 0.04185595512390137
102 0.0446070671081543
103 0.04840717315673828
104 0.046901512145996097
105 0.04731917381286621
106 0.0483954906463623
107 0.049893951416015624
108 0.051316452026367185
109 0.05263628959655762
110 0.05428967475891113
111 0.05563502311706543
112 0.05690813064575195
113 0.05885858535766601
114 0.06012678146362305
115 0.06207475662231445
116 0.06356215476989746
117 0.06547083854675292
118 0.06689538955688476
119 0.06882438659667969
120 0.07030253410339356
121 0.07190818786621093
122 0.07342305183410644
123 0.07595305442810059
124 0.07783327102661133
125 0.08015294075012207
126 0.0810159683227539
127 0.08371772766113281
128 0.0847330093383789
129 0.0875521183013916
130 0.08903093338012695
131 0.0921903133392334
132 0.09473619461059571
133 0.09654507637023926
134 0.10066342353820801
135 0.10057058334350585
136 0.10359158515930175
137 0.10489091873168946
138 0.10790362358093261
139 0.11009855270385742
140 0.11344699859619141
141 0.11529393196105957
142 0.1175570011138916
143 0.11999650001525879
144 0.12217216491699219
145 0.1257237434387207
146 0.12717485427856445
147 0.12905797958374024
148 0.1317166805267334
149 0.1361083507537842
150 0.13915653228759767
