1 6.198883056640625e-07
2 1.2874603271484376e-06
3 2.0503997802734374e-06
4 4.00543212890625e-06
5 7.009506225585937e-06
6 1.1301040649414062e-05
7 1.778602600097656e-05
8 2.4747848510742187e-05
9 3.600120544433594e-05
10 4.8208236694335935e-05
11 6.251335144042968e-05
12 8.091926574707031e-05
13 9.999275207519531e-05
14 0.00012302398681640625
15 0.00015001296997070314
16 0.0001796722412109375
17 0.0002112865447998047
18 0.00025048255920410154
19 0.0002933025360107422
20 0.00033488273620605467
21 0.0003905773162841797
22 0.0004428386688232422
23 0.0005026817321777344
24 0.0005656719207763672
25 0.0006427764892578125
26 0.0007196426391601563
27 0.0007884502410888672
28 0.0008858203887939453
29 0.0009879589080810547
30 0.0010766983032226562
31 0.0011963844299316406
32 0.0013161659240722655
33 0.0014316082000732423
34 0.001555633544921875
35 0.0017058372497558594
36 0.001837158203125
37 0.0019950389862060545
38 0.0021636486053466797
39 0.002355813980102539
40 0.0025324344635009764
41 0.0027219295501708985
42 0.0029250144958496093
43 0.0031069278717041015
44 0.003309822082519531
45 0.00358123779296875
46 0.003807210922241211
47 0.004060125350952149
48 0.004292583465576172
49 0.004560518264770508
50 0.004828405380249023
51 0.005096244812011719
52 0.005408239364624023
53 0.005764150619506836
54 0.00607752799987793
55 0.0063454627990722655
56 0.006791114807128906
57 0.007109403610229492
58 0.0075092315673828125
59 0.007854700088500977
60 0.008304023742675781
61 0.00870499610900879
62 0.009173059463500976
63 0.009531641006469726
64 0.010056018829345703
65 0.010474920272827148
66 0.010853195190429687
67 0.011525774002075195
68 0.011910438537597656
69 0.012536096572875976
70 0.013042163848876954
71 0.013584232330322266
72 0.014147615432739258
73 0.014693593978881836
74 0.015444707870483399
75 0.01591520309448242
76 0.016590452194213866
77 0.017107439041137696
78 0.017935991287231445
79 0.018747758865356446
80 0.019318819046020508
81 0.020290184020996093
82 0.020737409591674805
83 0.02116107940673828
84 0.023468828201293944
85 0.022797632217407226
86 0.023521947860717773
87 0.02509160041809082
88 0.025393295288085937
89 0.026589250564575194
90 0.02781076431274414
91 0.027892112731933594
92 0.02934422492980957
93 0.03021893501281738
94 0.03097195625305176
95 0.032254266738891604
96 0.03412947654724121
97 0.03383417129516601
98 0.034513998031616214
99 0.03550562858581543
100 0.0368598461151123
101 0.038472318649291994
102 0.03986515998840332
103 0.041123247146606444
104 0.04231486320495605
105 0.04315085411071777
106 0.04455842971801758
107 0.04603500366210937
108 0.047562694549560545
109 0.0489863395690918
110 0.04982633590698242
111 0.05149331092834473
112 0.05305037498474121
113 0.05399422645568848
114 0.05601654052734375
115 0.05719285011291504
116 0.05839986801147461
117 0.060091590881347655
118 0.06461200714111329
119 0.06221165657043457
120 0.06471185684204102
121 0.06634469032287597
122 0.06807308197021485
123 0.06972641944885254
124 0.0717172622680664
125 0.07371540069580078
126 0.07491669654846192
127 0.07719602584838867
128 0.07850480079650879
129 0.08064079284667969
130 0.0824089527130127
131 0.0842195987701416
132 0.08516159057617187
133 0.08849692344665527
134 0.09116358757019043
135 0.09238657951354981
136 0.09381265640258789
137 0.09482226371765137
138 0.0986546516418457
139 0.10028195381164551
140 0.10316381454467774
141 0.10496659278869629
142 0.10768914222717285
143 0.1100229263305664
144 0.11209297180175781
145 0.11464338302612305
146 0.11679987907409668
147 0.11938056945800782
148 0.1216895580291748
149 0.12205853462219238
150 0.12832045555114746
