1 1.0967254638671874e-06
2 1.163482666015625e-05
3 2.0837783813476564e-05
4 1.8596649169921875e-05
5 3.461837768554687e-05
6 3.299713134765625e-05
7 5.841255187988281e-05
8 5.512237548828125e-05
9 9.002685546875e-05
10 8.645057678222657e-05
11 0.00013022422790527345
12 0.00012640953063964845
13 0.00018296241760253906
14 0.0001785755157470703
15 0.0002501487731933594
16 0.0002446174621582031
17 0.000335693359375
18 0.0003298282623291016
19 0.00043392181396484375
20 0.00042643547058105467
21 0.0005493640899658203
22 0.0005447864532470703
23 0.0006953716278076172
24 0.0006916046142578125
25 0.0008655071258544921
26 0.0008486747741699219
27 0.0010441780090332032
28 0.001032543182373047
29 0.0012561798095703125
30 0.001247406005859375
31 0.001493358612060547
32 0.0014918327331542968
33 0.0017776012420654297
34 0.0017666816711425781
35 0.0020777702331542967
36 0.002074432373046875
37 0.002403879165649414
38 0.0024075984954833986
39 0.0027733802795410155
40 0.0027611255645751953
41 0.003176450729370117
42 0.0031709194183349608
43 0.0036145687103271485
44 0.0036071300506591796
45 0.004082870483398437
46 0.004097557067871094
47 0.0046193599700927734
48 0.004603958129882813
49 0.0051920413970947266
50 0.006576061248779297
51 0.005846214294433594
52 0.005823278427124023
53 0.0064656734466552734
54 0.006467056274414062
55 0.007238340377807617
56 0.007185697555541992
57 0.007983732223510741
58 0.00793299674987793
59 0.008795738220214844
60 0.008733701705932618
61 0.00966954231262207
62 0.009593486785888672
63 0.010554695129394531
64 0.010486936569213868
65 0.011588764190673829
66 0.011518239974975586
67 0.012571239471435547
68 0.012558078765869141
69 0.01368556022644043
70 0.013611745834350587
71 0.014858007431030273
72 0.014869976043701171
73 0.016080045700073244
74 0.01614041328430176
75 0.017313098907470702
76 0.01740107536315918
77 0.018697690963745118
78 0.018764305114746093
79 0.02011270523071289
80 0.02015395164489746
81 0.02161240577697754
82 0.021675491333007814
83 0.02328324317932129
84 0.023239707946777342
85 0.024822139739990236
86 0.0248746395111084
87 0.026452398300170897
88 0.026573705673217773
89 0.028235387802124024
90 0.028350162506103515
91 0.030058860778808594
92 0.03021416664123535
93 0.03206958770751953
94 0.032065391540527344
95 0.0340080738067627
96 0.03421816825866699
97 0.0361422061920166
98 0.03627133369445801
99 0.03830809593200683
100 0.03832883834838867
101 0.04039812088012695
102 0.04055938720703125
103 0.04278092384338379
104 0.042917490005493164
105 0.045244693756103516
106 0.04538264274597168
107 0.047824764251708986
108 0.047951698303222656
109 0.05068058967590332
110 0.050629615783691406
111 0.052842140197753906
112 0.05275306701660156
113 0.05552639961242676
114 0.05566868782043457
115 0.05863008499145508
116 0.05879311561584473
117 0.061578559875488284
118 0.06167998313903809
119 0.06471056938171386
120 0.06491308212280274
121 0.06795363426208496
122 0.06796760559082031
123 0.07136659622192383
124 0.07142519950866699
125 0.07479043006896972
126 0.07481703758239747
127 0.07842364311218261
128 0.0784268856048584
129 0.0821721076965332
130 0.0824347972869873
131 0.0859520435333252
132 0.08618841171264649
133 0.08992328643798828
134 0.090277099609375
135 0.09405989646911621
136 0.09437155723571777
137 0.0981740951538086
138 0.09852895736694336
139 0.10266518592834473
140 0.10308842658996582
141 0.10716123580932617
142 0.10753569602966309
143 0.11134529113769531
144 0.11187095642089843
145 0.11623177528381348
146 0.1168546199798584
147 0.12059450149536133
148 0.12223105430603028
149 0.12612595558166503
150 0.12711501121520996
