1 7.152557373046875e-07
2 1.1348724365234375e-05
3 1.9931793212890624e-05
4 1.8978118896484374e-05
5 3.466606140136719e-05
6 3.204345703125e-05
7 5.4168701171875e-05
8 5.283355712890625e-05
9 8.425712585449218e-05
10 8.192062377929688e-05
11 0.00012454986572265624
12 0.00012040138244628906
13 0.00017404556274414062
14 0.00017242431640625
15 0.00024237632751464844
16 0.00023212432861328126
17 0.0003257274627685547
18 0.0003130912780761719
19 0.0004162788391113281
20 0.00040793418884277344
21 0.0005343437194824218
22 0.0005261421203613282
23 0.0006695747375488281
24 0.0006561756134033203
25 0.0008141040802001953
26 0.0008229732513427735
27 0.0009880542755126953
28 0.0009881019592285155
29 0.0011917591094970704
30 0.001191997528076172
31 0.0014222621917724609
32 0.0014275550842285157
33 0.0016799449920654296
34 0.0016736984252929688
35 0.001969146728515625
36 0.001955604553222656
37 0.0022783279418945312
38 0.00227508544921875
39 0.0026223182678222655
40 0.002612733840942383
41 0.0030071258544921873
42 0.002979612350463867
43 0.003429222106933594
44 0.0034115791320800783
45 0.0038847923278808594
46 0.0038577556610107423
47 0.004377222061157227
48 0.004340505599975586
49 0.004892683029174805
50 0.00488886833190918
51 0.00547938346862793
52 0.0054492950439453125
53 0.006090354919433594
54 0.006070613861083984
55 0.006840753555297852
56 0.006743192672729492
57 0.007567214965820313
58 0.007456588745117188
59 0.008234214782714844
60 0.008208608627319336
61 0.009102153778076171
62 0.009018182754516602
63 0.009968852996826172
64 0.009875679016113281
65 0.010864353179931641
66 0.010775184631347657
67 0.011878728866577148
68 0.011730146408081055
69 0.01288604736328125
70 0.012740564346313477
71 0.013968086242675782
72 0.014080429077148437
73 0.015062236785888672
74 0.015069913864135743
75 0.016308164596557616
76 0.016179990768432618
77 0.017666387557983398
78 0.017483234405517578
79 0.018898916244506837
80 0.018768787384033203
81 0.020317935943603517
82 0.02026066780090332
83 0.021742963790893556
84 0.02171616554260254
85 0.023366260528564452
86 0.023291778564453126
87 0.024965429306030275
88 0.024784421920776366
89 0.026532411575317383
90 0.026382637023925782
91 0.028390789031982423
92 0.02823033332824707
93 0.030165338516235353
94 0.03009343147277832
95 0.032102012634277345
96 0.031961488723754886
97 0.03402209281921387
98 0.034014225006103516
99 0.036068058013916014
100 0.0359921932220459
101 0.03824238777160645
102 0.03805856704711914
103 0.04044694900512695
104 0.04036931991577149
105 0.04271578788757324
106 0.042700576782226565
107 0.04506254196166992
108 0.04519000053405762
109 0.04814925193786621
110 0.04796266555786133
111 0.05098543167114258
112 0.05082087516784668
113 0.05379080772399902
114 0.05339517593383789
115 0.058315277099609375
116 0.05826778411865234
117 0.06163511276245117
118 0.06129956245422363
119 0.06460728645324706
120 0.06435260772705079
121 0.06771769523620605
122 0.06757621765136719
123 0.07116694450378418
124 0.07104582786560058
125 0.07470626831054687
126 0.07444248199462891
127 0.07819299697875977
128 0.07783441543579102
129 0.08185205459594727
130 0.0815847396850586
131 0.0857205867767334
132 0.08612947463989258
133 0.08952975273132324
134 0.08935742378234864
135 0.09372100830078126
136 0.09323358535766602
137 0.09795646667480469
138 0.0974247932434082
139 0.10223321914672852
140 0.10187125205993652
141 0.10414662361145019
142 0.10211405754089356
143 0.1063687801361084
144 0.10703806877136231
145 0.11176257133483887
146 0.11138291358947754
147 0.11642351150512695
148 0.11626362800598145
149 0.12107305526733399
150 0.12114038467407226
