1 1.811981201171875e-06
2 2.2363662719726562e-05
3 3.490447998046875e-05
4 3.123283386230469e-05
5 5.6743621826171875e-05
6 5.5694580078125e-05
7 9.331703186035156e-05
8 9.255409240722656e-05
9 0.00014181137084960936
10 0.00013828277587890625
11 0.00019936561584472657
12 0.00018715858459472656
13 0.0002742290496826172
14 0.0002642154693603516
15 0.0003443241119384766
16 0.00033507347106933596
17 0.0004439830780029297
18 0.00042247772216796875
19 0.0005467414855957031
20 0.0005183219909667969
21 0.0006437301635742188
22 0.0006125450134277343
23 0.000759744644165039
24 0.0007267951965332031
25 0.0008800983428955078
26 0.0008471488952636718
27 0.0010089397430419922
28 0.00098114013671875
29 0.0011752128601074218
30 0.0011372089385986329
31 0.00137481689453125
32 0.0013714313507080078
33 0.001634979248046875
34 0.0016411781311035157
35 0.001913595199584961
36 0.0019023895263671875
37 0.002220439910888672
38 0.0022066116333007814
39 0.0025438785552978514
40 0.0024666786193847656
41 0.002854728698730469
42 0.002829122543334961
43 0.003238964080810547
44 0.0032134056091308594
45 0.0036611557006835938
46 0.003650045394897461
47 0.004120588302612305
48 0.004099416732788086
49 0.004629182815551758
50 0.004599285125732422
51 0.005143642425537109
52 0.005105304718017578
53 0.005746889114379883
54 0.005684614181518555
55 0.006457662582397461
56 0.006287193298339844
57 0.00703125
58 0.0069366455078125
59 0.007737112045288086
60 0.007652139663696289
61 0.008505296707153321
62 0.00840773582458496
63 0.00992727279663086
64 0.009531545639038085
65 0.010765600204467773
66 0.010423564910888672
67 0.011489295959472656
68 0.010964012145996094
69 0.012008380889892579
70 0.011877679824829101
71 0.012991857528686524
72 0.012980508804321288
73 0.014074420928955078
74 0.014007329940795898
75 0.015115642547607422
76 0.015154504776000976
77 0.016407203674316407
78 0.016291427612304687
79 0.01762876510620117
80 0.017537689208984374
81 0.018918180465698244
82 0.01887087821960449
83 0.020269393920898438
84 0.020120763778686525
85 0.021699142456054688
86 0.0215914249420166
87 0.023229026794433595
88 0.02295794486999512
89 0.024599123001098632
90 0.02455129623413086
91 0.02629847526550293
92 0.02613377571105957
93 0.028028535842895507
94 0.02789759635925293
95 0.029709768295288087
96 0.029604482650756835
97 0.031525373458862305
98 0.03141450881958008
99 0.03340482711791992
100 0.03339924812316895
101 0.035383749008178714
102 0.03543400764465332
103 0.03876552581787109
104 0.03870501518249512
105 0.04109869003295898
106 0.04104294776916504
107 0.04352602958679199
108 0.04331130981445312
109 0.04604916572570801
110 0.045671272277832034
111 0.048561382293701175
112 0.048240947723388675
113 0.05101466178894043
114 0.05086255073547363
115 0.053731775283813475
116 0.05347418785095215
117 0.056407833099365236
118 0.05604863166809082
119 0.05919504165649414
120 0.059061431884765626
121 0.06229667663574219
122 0.061852216720581055
123 0.06509294509887695
124 0.06494660377502441
125 0.0683873176574707
126 0.06831064224243164
127 0.07160725593566894
128 0.07151975631713867
129 0.07516336441040039
130 0.07498960494995117
131 0.08028135299682618
132 0.07833642959594726
133 0.07961831092834473
134 0.08009295463562012
135 0.08285117149353027
136 0.08515596389770508
137 0.09060096740722656
138 0.08862338066101075
139 0.09114866256713867
140 0.09307060241699219
141 0.09457535743713379
142 0.09470543861389161
143 0.09894146919250488
144 0.09864130020141601
145 0.10304121971130371
146 0.10276060104370117
147 0.10751276016235352
148 0.10723109245300293
149 0.11181745529174805
150 0.11162681579589843
