1 1.1444091796875e-06
2 1.1157989501953124e-05
3 1.9884109497070314e-05
4 1.8215179443359376e-05
5 3.409385681152344e-05
6 3.261566162109375e-05
7 5.440711975097656e-05
8 5.273818969726562e-05
9 8.478164672851563e-05
10 8.273124694824219e-05
11 0.0001247882843017578
12 0.00012140274047851562
13 0.00017461776733398437
14 0.0001720428466796875
15 0.00023736953735351563
16 0.00024318695068359375
17 0.00032486915588378904
18 0.0003169059753417969
19 0.0004325389862060547
20 0.0004143238067626953
21 0.0005418300628662109
22 0.0005334854125976562
23 0.0006794929504394531
24 0.0006711006164550782
25 0.0008305549621582031
26 0.0008187770843505859
27 0.0010236740112304688
28 0.001004791259765625
29 0.0012201309204101563
30 0.0012124538421630859
31 0.00145111083984375
32 0.0014422416687011718
33 0.0017320632934570313
34 0.0017041683197021485
35 0.0020195960998535155
36 0.002000236511230469
37 0.002332448959350586
38 0.002311897277832031
39 0.002679252624511719
40 0.002667140960693359
41 0.0030654430389404296
42 0.00304265022277832
43 0.0034959793090820314
44 0.003484010696411133
45 0.003962993621826172
46 0.003943347930908203
47 0.0044781208038330075
48 0.004459476470947266
49 0.005019617080688476
50 0.005000019073486328
51 0.005593395233154297
52 0.005600404739379883
53 0.006240558624267578
54 0.006243419647216797
55 0.006984996795654297
56 0.006925725936889648
57 0.007708215713500976
58 0.007614421844482422
59 0.008479595184326172
60 0.008388042449951172
61 0.009335708618164063
62 0.009248781204223632
63 0.01024785041809082
64 0.010113716125488281
65 0.011197280883789063
66 0.011064100265502929
67 0.012150192260742187
68 0.012031221389770507
69 0.01322317123413086
70 0.013121461868286133
71 0.014296865463256836
72 0.014297246932983398
73 0.01552596092224121
74 0.015447425842285156
75 0.016742420196533204
76 0.016701889038085938
77 0.018029546737670897
78 0.01800980567932129
79 0.01940770149230957
80 0.019349098205566406
81 0.020875930786132812
82 0.020912837982177735
83 0.022435760498046874
84 0.022317838668823243
85 0.023995208740234374
86 0.02392301559448242
87 0.025721931457519533
88 0.025575017929077147
89 0.0272885799407959
90 0.02727036476135254
91 0.029189682006835936
92 0.0291440486907959
93 0.03123130798339844
94 0.031070470809936523
95 0.03308534622192383
96 0.033008241653442384
97 0.03505659103393555
98 0.03506784439086914
99 0.03729720115661621
100 0.04428787231445312
101 0.04021296501159668
102 0.0402066707611084
103 0.04262995719909668
104 0.04256730079650879
105 0.04512143135070801
106 0.04511737823486328
107 0.04768352508544922
108 0.04760479927062988
109 0.050504446029663086
110 0.050261926651000974
111 0.05317244529724121
112 0.05311002731323242
113 0.056105422973632815
114 0.05586585998535156
115 0.059482574462890625
116 0.05876679420471191
117 0.06195516586303711
118 0.061923885345458986
119 0.06529116630554199
120 0.0649726390838623
121 0.0684926986694336
122 0.06833858489990234
123 0.07184982299804688
124 0.07177233695983887
125 0.07524218559265136
126 0.07535896301269532
127 0.0790036678314209
128 0.07890739440917968
129 0.08276968002319336
130 0.08270463943481446
131 0.08668031692504882
132 0.0866159439086914
133 0.09079837799072266
134 0.09053130149841308
135 0.09475178718566894
136 0.09441890716552734
137 0.09851789474487305
138 0.09739189147949219
139 0.10185513496398926
140 0.10169801712036133
141 0.10636234283447266
142 0.10740561485290527
143 0.11301774978637695
144 0.1130889892578125
145 0.11796836853027344
146 0.11770167350769042
147 0.12305097579956055
148 0.123112154006958
149 0.12793350219726562
150 0.12795138359069824
